5344536193913272
5483600985373428
5805661033199982
5974281333470796
5280405281410650
5171934562621365
5128627923980149
5021905440877852
5708256266177424
5147537124374556
5949872068587265
5081542717548594
5351697621182521
5605079659680790
5373591088036126
5608674120765359
5601357350226278
5801159735944162
5013812364566809
5417526110820900
5091331399623676
5256155384723135
5289016719558048
5059190835599123
5397176260607673
5718352984988852
5886872559529398
5751477015303614
5395407992713805
5907739432397106
5593507750561866
5499015479837876
5811696949567588
5276961932565649
5707697831017373
5379509900408771
5368691238308262
5786597531956151
5214144571462771
5038088629849086
5053825676248703
5737356420788821
5393374002511865
5970390336197727
5188101012202294
5977186900366763
5692888784856310
5957642180153388
5841472571582060
5030193550232626
5850707647240726
5218541150188002
5851069300021067
5050057087169119
5731536181513638
5658505528688661
5412930151315722
5280079508307039
5437264869030553
5014331048428385
5389121985738490
5585044442809105
5845537401680364
5670821047215836
5284918619527438
5679928438495407
5559728975439188
5641222436079382
5399562355805417
5247571982704267
5508882595160479
5763537193009494
5029800053156008
5459239261539519
5238631866520078
5809061667144915
5038272544129737
5760269371225126
5330474361639698
5868343363696188
5903867911023766
5377258380220422
5083920244987420
5286807970224909
5244664446464730
5857065964765564
5669404268302112
5596306992482232
5023217658469413
5772338179891668
5713521239257545
5931148336776168
5600723423855825
5889755919679255
5236781413304967
5800395025391070
5651915209918690
5340685609128393
5543091762408362
5147495392123292
5916859140487443
5664218903312256
5576754812823946
5982151419614414
5314534782679179
5324175517585970
5144739367969625
5952867022052293
5396003146620818
5469528621334368
5948253434670768
5789906312413644
5891700051069811
5683358691553968
5778672054397974
5480352575247606
5186153236711400
5826320912161339
5240527790463486
5641615897919634
5183241641631786
5963752823272168
5403092449400026
5390670306797761
5722390347859668
5429104849297432
5541632595974444
5468055731474091
5360853927229422
5478584171418425
5502900465471234
5173986690125900
5966880746756359
5976180443315424
5264532339679408
5719840140627091
5830023449583877
5224616158154775
5220270617588732
5152681848506113
5225662074183954
5683366554473874
5121568151615517
5708344157164862
5287023834361930
5050408324426683
5968148682237861
5205445041485995
5327214278952756
5831888628245431
5030375966553679
5345739098413368
5833734969304213
5747310891223827
5877647162264384
5352640542801795
5187011734591013
5428263751736655
5766649735565490
5366180230022570
5302183840688404
5217567546484397
5481934724397486
5072068784239579
5433379050022816
5612022938611721
5125538192010875
5539771383226555
5558805859887946
5774602662886216
5538418284240634
5434687343935679
5247730812873780
5674328495530373
5080512104112948
5902503433864364
5577756483446439
5155605593342559
5711099389667228
5552190276741485
5192181692921426
5953709457422005
5906933397244514
5835156216601896
5283619496618127
5794002208472534
5547523475909275
5128481923074652
5180510813627197
5424711258147551
5389754517745293
5713999642193525
5762670068992041
5287331245411354
5819152428117180
5027870119335267
5286836706937776
5816323549562556
5873176243849248
5807009053350012
5322906545156537
5927165234124521
5782352576386438
5301392635188481
5133064685392194
5926721505083889
5644337139066085
5675985865724306
5678440960449708
5807813559423205
5294412994255285
5617691951448600
5968020859492684
5702407077352398
5219717898540376
5014474549376084
5669592975416060
5210908247180323
5000889249606693
5640330466066106
5628244814367740
5463821939314441
5321068349685324
5374740714108846
5810291061417916
5730334415367609
5289755446236753
5494590968017133
5982653257139933
5657139011937700
5303199047202199
5767072942056510
5948524307190306
5448603299154429
5302878750051265
5676722782815013
5789733938421993
5480896315701515
5610036834729470
5104286964987917
5548973706116110
5716522450212474
5144918670367970
5913427904217079
5057487468681912
5641191721431904
5222507757278392
5533005995766252
5168819293383350
5239946452984729
5428297087292550
5895668489433421
5272950553585278
5317900250628873
5754164318437509
5645919064087077
5338014740139574
5135161359791736
5567229532657386
5342882652218505
5419983247441307
5101418936422978
5393627687746905
5986934005613612
5803365865594042
5733159525912155
5455223719732433
5936391584683904
5617473303044971
5088139810855929
5979147844310964
5367285287695261
5689705630802189
5014114686522244
5725070029628560
5365288870234268
5331548855559546
5265349947646766
5393483544887328
5528122222740165
5320085318144414
5799552398555646
5928855602337973
5359140844162062
5858528645272146
5851695131470341
5763696989810147
5339900794933739
5778387575579789
5145430011609518
5718283129769226
5947582408329708
5959454485870948
5919318997007567
5638285083364635
5450272322699859
5047286488850512
5022487846604238
5532790887012062
5924516598404284
5899512206400499
5224253663436300
5939961117789033
5114291615490585
5225635152362554
5709667739902760
5604064084282722
5450323117967310
5091302100234928
5545725749118191
5018574438908719
5288952031096811
5544792256392466
5752910194422424
5820851333724355
5600611686472487
5949911383819088
5926396917283840
5100242423824720
5230017404614829
5282206560653006
5844036196627004
5336652155152138
5488751266072481
5014036549465453
5379406358047189
5072672695731976
5709436409623160
5279572492386018
5730657535210444
5544531472066352
5959589576631423
5519457314194187
5392870749347965
5573023482898898
5872057928685117
5743728198441440
5151468153832213
5824310433793762
5673847836097952
5844251694562158
5705175712045509
5792606975321188
5499451244318678
5609754489755402
5228529377924774
5555568759015091
5406401202573450
5529113951527756
5416402916677851
5951182105186583
5057708897808517
5163320163295514
5961906329254864
5330996866149958
5652410903813305
5398428297867332
5154534532152097
5364361778873285
5598155763931795
5234949228558288
5020971760931915
5485041513073532
5061713502227941
5823895575959995
5868658680117433
5978622171836171
5965242726865018
5616872183346953
5521110668611002
5178585364068966
5266583304645500
5511390066527256
5313983721214933
5563573179228051
5079841113571563
5203180745452507
5951009706462630
5222341150125249
5426183364896673
5892095631878566
5100624657616469
5209209383938933
5621583836485164
5590117865051139
5143335675982702
5530469376414386
5597544191691452
5857229749934233
5706741440667860
5987331254804346
5252519952739217
5068975637714248
5739135233207060
5604024967711120
5413672425774439
5594959169207454
5804304005698573
5154930034424269
5455051441721323
5842359961650667
5116321590288367
5927397816648084
5633873396247698
5278151374808965
5161790333980136
5585416168378242
5190592902830067
5883134726790338
5933338809020578
5498152503630711
5267242892398178
5824130444285450
5049992335815787
5411284893886074
5456427382209141
5492082792795584
5548129462823025
5366215229704123
5841952830651554
5809563827783720
5543516971676358
5039869786996799
5158449312711618
5735764318966407
5192113803893218
5446230331853815
5025985513280952
5042915404692555
5795705135269765
5344649039937011
5041025493588477
5649168155671461
5938342141704718
5809240991227444
5742488505449400
5167369389007083
5311612950192371
5296887211958593
5584044406396388
5959908092486961
5647563969502873
5770989975114094
5460855380307526
5943661469734772
5720318782510261
5004447893802955
5408052057424729
5760325916892903
5191452353687125
5662569108696888
5466591560646246
5776036134446104
5502717892470746
5095671307829910
5822917186227710
5518032116457264
5966345261125598
5460143051386881
5729984126925806
5522884862748850
5593642711295296
5717726566825945
5262656456530160
5124567337981584
5177144474353920
5560058613885828
5128697694933906
5421031101830952
5473813368144698
5706863089755107
5728244482202539
5568343109153108
5541764822817399
5593464985609018
5285610681551636
5421143846061060
5309104247392491
5333291121030198
5561010473614206
5801245761521075
5882684801976543
5325753375167403
5856655843288613
5549534634495314
5806842685090613
5608760127417505
5694522224104961
5383556872363633
5099812659528109
5549337397002271
5520851035999963
5340347468816647
5143215170066648
5155200634751198
5338227792744612
5809375709510696
5542426160563605
5260847536646877
5846873838789134
5859949589313058
5632573676463400
5850910932494690
5028650476292837
5190009876705571
5898850478945928
5799827040683661
5512874403771702
5061386766898662
5784631384212155
5344649647887893
5818307794293010
5061740821399860
5574476340831095
5762619325353914
5716534222948245
5570074557244297
5914322824853616
5875142290169830
5475343482360822
5892532786797440
5276146304831154
5998488057539470
5926772929267257
5233277839077112
5119256067342831
5083043547820352
5284750663308812
5927745498016642
5209521761226469
5873254741777766
5206083510713982
5974631525856220
5571049764205833
5084266565877009
5765243210810058
5442745562153864
5729633144751494
5330096913192424
5860476028061070
5720635672012808
5881812412310756
5913415167992638
5831476930398472
5681757084504747
5882689596139560
5210622905934849
5768075215717402
5793250863545840
5712699420020834
5487117916919251
5108405971589167
5207640920940635
5610886279220710
5898749925460171
5132619877031839
5869841644148470
5543128128080316
5493109180928533
5899577471873721
5103488415241546
5795650738366662
5890938250633395
5625152322473643
5790910903464622
5090956340691016
5802705285945872
5595807834685504
5719028651072605
5213140381830493
5712296173107415
5691024413168731
5288436811708540
5245811974492036
5962500290617549
5466650695493719
5838503118533554
5246552716699560
5808810267255506
5516366396260248
5346714762621798
5416219521216643
5968974371660543
5143268887832277
5005864583954909
5555219001908213
5282642457458653
5054016752197952
5123968871043581
5271213942584673
5889502088541077
5457192269028204
5938456002751380
5212967693055808
5014591668718457
5747892771172406
5547143484435148
5711395199057302
5467754926001468
5381119957361363
5948634165161684
5930884825690271
5777262720578905
5580972762525841
5432327001390335
5689810924062305
5290316499748164
5194569774610383
5688546289365811
5996943759450940
5781356290957728
5375441090572499
5658987510876242
5275905867456617
5163147668268419
5389281569520826
5792577294577592
5220470705162416
5169605861218637
5032686376726363
5125249265831303
5028342621817581
5551068902584636
5636048183339127
5187228974593130
5709075705784981
5683156902307117
5523784826206876
5845559763853613
5231221125690375
5596102658650544
5600656058054700
5259156118398786
5527386946396592
5186052578834187
5210037981365553
5586017473310526
5424645347293018
5749943892343059
5818418078186180
5545503524867214
5993766572572928
5596519721948026
5914811475705182
5232665912251070
5476321554382608
5571072944361268
5651485600743962
5214587425869283
5582395853904182
5985762344684983
5196580674451939
5960203887245097
5797625945669202
5318061096528915
5333151365481521
5832039202804745
5737935807390779
5222371161775622
5224402919441655
5032212032208960
5577581243357272
5378367404735213
5127256466731429
5882435268744064
5465927814798388
5683196762787000
5818426565637522
5067122770283778
5143230229324284
5495816703837359
5464627193792891
5236822217592272
5807243572253120
5459600721426712
5445131818362675
5914989493100154
5739139571736247
5558410875284681
5031897552161929
5191926157782164
5342729265331360
5701294064050052
5705406189150106
5779488974730357
5012424178532748
5175280195044600
5516933484601946
5008771585052694
5803466464336901
5499771424765113
5829539349191878
5734422408723708
5398999733433214
5020617412318269
5886940166229040
5062074617532170
5487694560701146
5927458874297519
5497705471193648
5592580183595695
5817949971113206
5650845273322859
5723806371358057
5442559159059902
5911218425425665
5456154490066965
5556604886866146
5911232427579202
5988635891910005
5965171177862975
5162720194388009
5738415581183378
5421314451506871
5203391981749477
5949883007079810
5805620931241500
5690443163192268
5298694385615250
5874451928039813
5081090182969154
5219648917625398
5688859459797198
5253133899300025
5529442739731645
5952513226036922
5958103231111314
5780603547723933
5656814337438846
5149169405518407
5283543887058960
5260567183616795
5592190504680418
5685132247872126
5401927417916476
5145062047729763
5636723595919986
5703838888775698
5615693947181392
5947982618231226
5204138152740393
5143338209229730
5115671663822487
5220177197240724
5564794855698696
5562960977769422
5524879606450106
5894675761855196
5175627020118825
5090108165569766
5661146614514433
5752356216456233
5969558531214272
5645561100373689
5464976064074442
5952361868648169
5710953265952299
5401059727112007
5080240419307637
5176794246345666
5613604987301909
5778109168585514
5302931295731978
5452324706563009
5704107138175590
5968931137089975
5113740631188157
5714425300785073
5208484958764275
5694381638154739
5419085898783584
5030721567195244
5043431227151922
5118176404151283
5778142391482200
5349004027031932
5352350982494434
5288180551699910
5639949174554534
5828838827994678
5447315348751420
5524074532842723
5074593993877790
5090248185442694
5542969937011016
5008611434269295
5575248931305401
5199532521112931
5067603789052873
5117198669186856
5040345542509698
5965679195366535
5558661380533792
5035048804538598
5915341408636597
5588040583275313
5804301523450978
5812434326548342
5786046308678525
5963945085018641
5533369213998686
5565021089368665
5801437970207717
5168530993174647
5045168688575491
5346516743422667
5765935785845867
5121666335364029
5959920820257206
5643000562419728
5224645416048449
5596700872551876
5049178156541282
5891994853571296
5240799146768594
5874714289106632
5193386230465000
5682884009722153
5720669780012367
5864570596533654
5275666959131563
5335259543748581
5540254653169376
5951557895022829
5953267575505716
5380428929563108
5576942464873349
5090021242257237
5305477718041838
5402974092377249
5418557150069273
5345634836640669
5504231943946402
5839274635149672
5246493200803677
5029215406621671
5855203550909629
5348215257458236
5009574199533165
5978358265097176
5624044568281426
5694163358607308
5723042580258048
5500760993450053
5637033951497488
5479030626847276
5742579854397129
5993190557034914
5852776529583572
5754071868260566
5763566048650807
5837447948546872
5627883011219441
5368848469207072
5188723711203471
5423611323444978
5507205844482785
5177720510329037
5579456054511748
5869695261314498
5103485001796496
5307658581988107
5551298219676161
5775121799085453
5112537379319670
5070775007195096
5653886390273643
5199491611593642
5908174503438415
5978594020526793
5495363269262290
5180673895768095
5301283802201199
5146696261913259
5722909120868260
5181091061361619
5787301674747112
5609380843843832
5505489392765569
5503239970578214
5528172760560047
5683060281360376
5356588943414671
5166198843395871
5219143072544632
5553220106173311
5239135634334651
5592782864124311
5251310151447454
5583560692971007
5961171538549164
5590670523734671
5615849812941086
5740864512370434
5380415404686123
5495470290839225
5805294226768447
5710304536567342
5820707866828422
5731588726765537
5036622447510512
5109533766863821
5647530260690561
5013068882079674
5262763033282184
5359872111259496
5902617766396099
5952073095593193
5679713679335815
5640037584364135
5534769713980368
5126651104271288
5372297989517119
5335010467473059
5477238478528046
5831781205747914
5881563476964297
5647485398241583
5207745144996908
5615632092817023
5493607620817158
5351832770567970
5714724534688195
5145943271757515
5986416124608250
5738419446568956
5016186368819247
5919619426999705
5268491050724999
5021023928753248
5370875211558536
5181725695971608
5589606012369121
5756063932180592
5305536066340040
5322579618164532
5037495766882069
5054628736689312
5186230616582805
5096586658552817
5487245390301444
5888819677062610
5484762146598570
5538310803090072
5852143995110432
5384979002171258
5345249993873664
5256269783396343
5253554561148957
5636237834260574
5318730307530421
5510532414276260
5828688955146240
5621289124558128
5225822849983949
5371363210051844
5091435844658466
5628464605480573
5071821320420047
5745256563944751
5132748878857275
5158118078892427
5108723549674292
5488350370893725
5437412319560662
5096665618574081
5619735999231050
5577487030115303
5244254122483489
5416128720443390
5802065159011957
5575113529536807
5800977266642976
5741486366095511
5241561856542184
5572869832580256
5745192357600479
5220805784274453
5265613305127601
5225915498022843
5909019486684441
5414539309876569
5308293322666671
5437232719459238
5743433458545347
5267140021654254
5625773911400508
5114190035925400
5023369930779248
5430012200270146
5337408189887546
5672929696467118
5548065873068818
5275158990902027
5416071798803989
5155048293708058
5649344218373787
5237872567717066
5718534893048846
5485675800218109
5711356139649955
5693592131276331
5372615781633712
5029969639051588
5244934643513001
5043892722023907
5696327829922583
5610925300914801
5625785517439468
5294507116532295
5286428605787435
5780475068845036
5218844058852566
5954869844746329
5036685816639271
5059825515325161
5917929030250450
5960116296974656
5369591548034605
5583944682198759
5446821136365155
5017268309778782
5947373579045424
5040010619698912
5270934617346490
5760731850362195
5609012198995137
5798860610283347
5646582437370586
5469821245477251
5191992698836754
5465622393467187
5307792077714361
5565872671205146
5018743550984814
5576720860979735
5907106085946107
5819516688027492
5071467294794535
5539053190286252
5333568067630039
5783330340166650
5390502571844873
5449795432579330
5582493358340320
5329386187852371
5712587300451268
5832545190383422
5640349264327035
5287347418184890
5870157043864280
5091163892048888
5938305452780578
5836826328476114
5945866179139886
5801451873681295
5713600748483523
5399370334343371
5066528644683355
5657372422200994
5777289008891667
5795117456590248
5298116718711573
5259590268287780
5004896614853790
5025710730975313
5713162947192409
5008363072951297
5450617783003215
5546306711943933
5273666235551149
5594023281616654
5944096774155323
5638407240861255
5421044236748092
5433670838828357
5001592637825864
5191076017368077
5448099072830876
5833355135380724
5236283781874106
5778675108799362
5255346343052760
5045306252238392
5069882017633665
5217638209839063
5480616291951952
5248778374679549
5701377439990756
5981762433013159
5349650334651704
5615738712450901
5927224713054258
5162733786287215
5537019519287828
5589849202874120
5343311635891784
5558706382067647
5106910786930860
5610889253432698
5861431070579173
5377440447611050
5872565539195377
5571010320334564
5737481762455762
5759668423224059
5314460414904762
5901180546495994
5101347622037978
5838891151376938
5125831557136891
5112723054759396
5416385231828483
5182616925566606
5751529241652068
5108414174731062
5502222351631665
5357998889203537
5702299539577132
5092619703312254
5980751751045718
5886775557635687
5199839532179427
5286124136679413
5678494118702374
5611787801668466
5832330879031141
5455606325200535
5723257439799584
5137494372112877
5115295101677428
5488546888200589
5427950917291248
5325421089919414
5156811876253111
5966841402488799
5354661603007171
5450759114031431
5553009400675882
5057586278394101
5516504117544774
5924219680988437
5878918730853194
5180523090893025
5886044337062055
5453054168503590
5896427677213633
5752929284871359
5943629764486206
5191581527540881
5503667473565532
5434816049436643
5900876953230094
5996562097888750
5770395165634881
5877511171873667
5774085115536988
5196909482723399
5831621986691938
5805965482105367
5463905867567774
5244873936467611
5615370937770898
5450446965589653
5816660897493513
5298103532947002
5155310136486140
5968165851180202
5726043819721316
5592479778985048
5010457701219062
5192772118992185
5071337851497930
5425711120218539
5245578125174034
5692972568818873
5563837740735105
5779198594940527
5788510856545720
5771191960987111
5944648705301727
5306074899808682
5511488751322205
5295490974231105
5661421607843465
5253375560932545
5508703568665612
5234886549250668
5973208228189333
5269514482139001
5280008501423105
5542929095556557
5898566165981948
5782231798928871
5534633905645026
5781780169167134
5576464410314688
5963344483303727
5236813415196085
5203765858534474
5169582763933745
5727738483459176
5340075508689256
5237929964784843
5908164983511088
5761390216375424
5083903794108082
5703036749230742
5674283841094129
5634493027906205
5291048515727664
5005235572845158
5414545709312219
5873337253085888
5092353505775605
5152834891055315
5676495467213700
5136007066958134
5663591584533649
5447826442426513
5064126130779399
5902394581729076
5742286948092690
5965139768238404
5429430375741400
5798450351341204
5797493588366777
5389588914986151
5907283781786215
5497039411781827
5618446581451150
5347688333010174
5426620065494595
5971480977898857
5944293130897391
5249733624247094
5513095144260191
5274709475480092
5751839482725864
5549431024134313
5557830679306419
5692827495950972
5022076586634534
5309005071229844
5716167544383351
5169898146015293
5813058141536931
5791595221407158
5592305953331751
5422835302674258
5989202851435787
5408872347085700
5139369848627088
5508157704920289
5405478681863591
5335915708308228
5764437154189514
5161306372477965
5824018562060261
5543048289138177
5842516196377080
5024234546080373
5697542467185660
5064765548133411
5897952313181200
5392619500589621
5568042190807466
5269850677534229
5256524839736453
5115411704068209
5138777361246067
5767325483476017
5336562779307404
5488835786832258
5867954768152985
5095610486392250
5536507523150813
5125872835137202
5845781434211350
5083876991999808
5058080639524835
5120035036470974
5635008896128006
5817233159071470
5200231250484188
5822614917339863
5470148642782228
5868998090620649
5135203249311640
5248706582756903
5668259195125852
5263732463165887
5483299147884931
5197707896604995
5144781706425727
5026905429054794
5856592137831511
5697779651929769
5388237355716702
5236828313744259
5908226676191773
5201611229590564
5252129100758488
5142869018923555
5247188947037949
5539430389769804
5352004815762961
5924313235731589
5311040611572118
5727727479786669
5028777450931204
5255108230250179
5638698096899074
5153972131758704
5574862407090507
5888046892785328
5936944505263419
5691479974815896
5086407124834468
5289208977730580
5815703556599317
5119746260080602
5434811693669321
5901472512565495
5495580644246277
5838856644945778
5484262295654645
5285886120565391
5923325948275395
5316511164588527
5584679646603031
5906371952820038
5507555994136808
5533684046961488
5065504740515726
5136605677173628
5623063580394348
5631551272747061
5353872641102980
5555383816095357
5488574014312620
5521409221946171
5814770366099156
5861991557691333
5456031825462973
5629301990650846
5240873832626468
5844039510631344
5607180593210121
5017689524078895
5850617448575886
5051507169082636
5540028239635963
5457500472204153
5362707573007275
5392631074503717
5988105046104635
5122281801873363
5855900944716778
5554013655994327
5089830065106605
5309366597558543
5335045697311002
5160052755256735
5977543051600468
5448611161158885
5144549550073662
5412919223143472
5669146765791833
5475655386693324
5124160426244713
5848791063130374
5855153086596674
5027705578139109
5228697985683945
5177075891665761
5528682329407886
5315948524376111
5303863835055615
5340310379574831
5019478155109033
5703448260162919
5318008932639761
5110479807520972
5336115514072530
5910025277154474
5222937344226508
5460866523328573
5990933071318497
5231623471207352
5531570857649157
5128031054622701
5603927978465149
5029903304787706
5399421748425619
5101272729540608
5870931830748661
5390493871379740
5978683215195929
5531101105284593
5945034307961131
5041396860339469
5907940939678211
5529036259041676
5203474110719877
5408553994808023
5588753279842948
5405351523632407
5040595366782818
5696610222671077
5066529920287522
5180318105754375
5858421811178185
5354766199046417
5339742469813642
5578707711942205
5486707125115953
5608337285237846
5207326169336127
5262723219088001
5625596108288484
5379630587500104
5645542430023353
5057507649080634
5730797704191290
5696670287039579
5382141578285871
5580070095064284
5972826052734152
5456668421321886
5853103638074520
5836308708483040
5447926513952504
5351232515119161
5811151089526280
5872479164082714
5273599451239598
5378861912433199
5888676254815283
5821011660369676
5353025257095693
5600655655268778
5022272615032005
5309217974949763
5708230166151843
5563238615569769
5338902337565968
5881262963795766
5652750597620627
5403737552420034
5650387092314688
5301188522642355
5024531080366375
5031048270294207
5979689332985299
5008518854996623
5551756692589507
5521421597367326
5707568832729819
5883425787409162
5259016475673726
5210838765418875
5567008093414254
5913448844871883
5078658908078777
5018047189224799
5431317682840560
5728652243465758
5197742360625603
5177166264135599
5099046452944672
5296284001989676
5597515022316430
5555500496156615
5504339151485116
5615453729177848
5795863203067759
5077009797876061
5919783139899527
5106846180968714
5989442999970387
5645472996688918
5166333005545965
5763129101661451
5377567843864132
5125797335542415
5404015120890420
5704170808935922
5864944148536848
5608568270702029
5041980196961462
5271460830574319
5668207167118197
5521407287481476
5159692866689038
5409154332800387
5762391040566141
5616501358456427
5854825078466558
5464351718318051
5535958892644360
5758654827801722
5703838659663280
5803763486655027
5837802297767935
5337742484226451
5661844112095119
5502274624015004
5014455393498296
5381404087765067
5354019666888034
5596938021668519
5128719915144381
5500887137801157
5037657580623009
5445177140511294
5760316001692192
5442683665768232
5122748962744490
5566732912708194
5363675474250178
5992845239795327
5580988872184790
5270483039356784
5546989903754951
5574223011681899
5508470390522077
5874978783204808
5284729224791965
5412156100766606
5928228633314267
5668518023255635
5627824129890142
5554822518404289
5343116198795178
5394842177636485
5761236605798926
5684311875977076
5551314902312622
5949983240214937
5701901724692166
5184863360451181
5962353704688548
5749969680879121
5436303469325474
5098656648810133
5445029004344002
5928916009285120
5478136772290408
5542387295613040
5078749957939069
5296833165929779
5430155565618900
5551011678004201
5769386825233464
5047994947775261
5289018511630130
5059785834060066
5172531739064193
5907071040758598
5876428863811527
5947169364004764
5605190412033517
5280473710771058
5316804584629817
5759843979427451
5446952109724982
5061697054756244
5334433716346548
5675950575422564
5126205052331086
5264422882517514
5949559218395134
5875161176683864
5247714674165633
5006327189987182
5568999472371209
5064158513549964
5979015135267692
5724978993252106
5022717932331449
5705642199563906
5051255843952990
5369224708600312
5775205554155254
5064802237087154
5239346315107502
5913937471327740
5184799065611582
5597140148200601
5726835892251476
5565950820494100
5670778708216575
5294015760819670
5081775069881886
5615525512530514
5464984807890086
5734789251262959
5898654233854993
5769529544369879
5192882394630981
5558708479548417
5374852423577705
5098124572546662
5721836940671780
5475079945004039
5268885620056135
5445586547916190
5249241792311530
5877787883651793
5156306175899385
5595332516958736
5311559168671612
5157805716028344
5919094121255028
5018216304037044
5732004598908530
5213602078978087
5755174725836280
5250917049958075
5799335485684368
5228694969749853
5222803201987164
5905293835311629
5250772337438089
5838926179260756
5152907194006622
5674572497639413
5907069495259187
5193054755198537
5916696574982038
5368336839149977
5162463638015402
5563324438685249
5339604991024687
5742013245498584
5622466283573418
5996751219627600
5032843546582115
5378120365372020
5412079416054282
5847497848249396
5179042742484200
5080857876770685
5256650357977778
5084127810593455
5843419302928535
5888150183008311
5762712313559470
5649968825735732
5730940401392424
5577249778803265
5078110744108646
5841749449782172
5049820117423343
5797795545511505
5261257030738584
5378590710961082
5745798123522870
5783650088014925
5199938191970192
5040307456175078
5207104784276249
5250994803152196
5404128180428626
5239760834628421
5669556693781883
5730643673628885
5395541069481983
5623300288090315
5299010593163989
5047208050656174
5009800813274209
5379042023937179
5908083905001393
5391461628919406
5684355878114712
5282535318666815
5925187766231517
5095925976809588
5664215116075476
5396028711682818
5801926556671362
5245828149479411
5895618793225876
5244613022560270
5709146882133048
5137934365251093
5068052229545694
5144316293050412
5502303180948942
5563988419648360
5609476627938358
5868753528915351
5917962529665096
5838856333000456
5379350346324929
5449458566737500
5722123841612495
5258043779126142
5430193979640214
5749754614930709
5826161612497329
5914305024565675
5675176926836908
5055191895961048
5936170221780368
5063099261846707
5151051638061192
5086810505631303
5942001607388708
5895669916552255
5857141795006644
5660581298827266
5896024826636310
5212962138269942
5112191055642227
5271772154648607
5220668670345362
5701625754999577
5668928621750951
5178600756265911
5182020512195750
5382703018746873
5008453564223476
5847667870637513
5307681669325001
5414588043234400
5971476447914133
5659982615060428
5945195343066630
5082016347256999
5224329715057200
5345563389278084
5959495038343804
5099208661199082
5679518834476464
5341122342468187
5504743467588122
5533814645093131
5954693931403519
5762165865044728
5776596115690270
5374684358945311
5375848024476298
5952133614749433
5370994980817055
5358281489287293
5983276827782258
5383353955074380
5874482251272621
5520134230162327
5176273795822607
5929664225231325
5569075168536044
5955188633298092
5544013713093261
5923698454013740
5614220169075120
5780598286096125
5792308277905858
5556197345015810
5893973716616896
5497172142735453
5086565636698939
5140577359288323
5108413308934942
5930100367165835
5665691968067947
5510798382576552
5686671818386653
5020564379734707
5431788585422735
5799561959470959
5312643064274364
5431132427802807
5730332493076405
5035928640599711
5610721455658429
5180776633283473
5674844739797995
5306989552162475
5998582399759503
5786492279130119
5663650252115533
5858899227864794
5396561933369187
5139282364064518
5065470490033843
5496221239743016
5666439815099402
5692110467523678
5427196849823323
5340879955267178
5474416877018823
5293668148102251
5581113888245619
5334786150315679
5615923929295354
5843729166958882
5992443903109645
5590068591589592
5804236477128434
5808336299165910
5831363963012070
5563132482979534
5504462637793965
5290814925842167
5568475213363840
5137554650334213
5081315988791042
5696706532329732
5574888231584022
5365634728312523
5884691118872046
5752143156336210
5997926162338630
5971883052128090
5557894103305469
5422777721000383
5958979298922585
5601211732064364
5642900776889201
5732668056462569
5132542328205414
5803968094961676
5877476037411157
5074116585700530
5597822660844961
5375011926457099
5624828090301688
5506897830320395
5410430761920689
5220849129115136
5352635180079554
5404037134437381
5635056891483657
5066307985940693
5840874966344214
5933880333018426
5006377193669831
5071224213179238
5876939727546435
5311322253445745
5196676972670155
5016288537461671
5406436073339646
5409385468429976
5073301538582834
5006144982488705
5659412474122075
5007172852630608
5549215532616999
5369509858766532
5303658678257243
5353576091483224
5647572952442745
5979171330914049
5261604710194823
5683381952343657
5682815787274388
5487079467439432
5452519444320444
5232552287994433
5686301217934617
5992224093480036
5069273854573371
5032561389658840
5104801469356449
5888575828110867
5856016148665165
5743379054820965
5151533413641943
5191097402265399
5312551607018543
5701800416855568
5746787501134207
5253273084190385
5807313866323534
5672265424474648
5390183323143529
5680968465301988
5757196874087232
5719178261121599
5691678348247446
5352740850472269
5476794976158684
5583115384177446
5478898021180397
5220128285954810
5582910953073412
5844386892700368
5452147721095181
5777789917509798
5778915228756027
5554986762664992
5912450924581332
5925367169315797
5803277438067110
5669567487035067
5205089473921017
5245808980362148
5892073739197005
5059427918098566
5061523926414758
5907767298760182
5409167769918136
5035413048223434
5261293397931912
5880521109326556
5997278582613126
5898101131276743
5584415081266257
5040059546694431
5883145385458566
5842312035926200
5741168816403760
5829987897909492
5319675741566828
5636771670711148
5113271517114434
5753536702714739
5446332144659911
5203522864365233
5970507108105004
5342849716004041
5720547227496170
5767865829407799
5517784599917431
5953293569567643
5051363272216499
5355148024992829
5208085770662154
5167331544520241
5779682594830698
5302495913025675
5915197837601355
5262572070060594
5321989975811850
5062228923392642
5546186079190139
5741369632082998
5033237203494388
5524942744090787
5214617349814558
5246951458411775
5276116292260317
5620327635728196
5034697273360189
5214133156894226
5141962488717432
5343262485762176
5317908782727509
5569922636867993
5940883874204870
5783472600977390
5107252671907792
5475491819048055
5541405507154849
5519035471510729
5967159943374436
5207634712453945
5504010694466486
5282049546450746
5075847676341558
5325372834659360
5785037035760588
5698409568370820
5098290637311993
5599281319763285
5563931598050982
5762734037187261
5907774221418740
5234940385596741
5098364791001209
5472175584859238
5416343572346292
5034199318153756
5897286032066408
5336230970040738
5855484523187125
5547946111856647
5636637250626042
5590989037856656
5132898224370586
5715329236432065
5285074088508623
5408811959063372
5295174154182564
5908822566422297
5475806473015087
5880005473238040
5206906828232467
5873497288841226
5893620495255833
5024694134288450
5425622598423099
5126656578091353
5013647238475221
5291809041976184